7000 7000 4200 .5
Sphere -5 -5 10 .3 128 128 128 .2 0 1 1
Sphere -5 -5 11 .3 128 128 128 .2 0 1 1
Sphere -5 -5 12 .3 128 128 128 .2 0 1 1
Sphere -5 -5 13 .3 128 128 128 .2 0 1 1
Sphere -5 -5 14 .3 128 128 128 .2 0 1 1
Sphere -5 -5 15 .3 128 128 128 .2 0 1 1
Sphere -5 -5 16 .3 128 128 128 .2 0 1 1
Sphere -5 -5 17 .3 128 128 128 .2 0 1 1
Sphere -5 -5 18 .3 128 128 128 .2 0 1 1
Sphere -5 -5 19 .3 128 128 128 .2 0 1 1
Sphere -5 -4 10 .3 128 128 128 .2 0 1 1
Sphere -5 -4 11 .3 128 128 128 .2 0 1 1
Sphere -5 -4 12 .3 128 128 128 .2 0 1 1
Sphere -5 -4 13 .3 128 128 128 .2 0 1 1
Sphere -5 -4 14 .3 128 128 128 .2 0 1 1
Sphere -5 -4 15 .3 128 128 128 .2 0 1 1
Sphere -5 -4 16 .3 128 128 128 .2 0 1 1
Sphere -5 -4 17 .3 128 128 128 .2 0 1 1
Sphere -5 -4 18 .3 128 128 128 .2 0 1 1
Sphere -5 -4 19 .3 128 128 128 .2 0 1 1
Sphere -5 -3 10 .3 128 128 128 .2 0 1 1
Sphere -5 -3 11 .3 128 128 128 .2 0 1 1
Sphere -5 -3 12 .3 128 128 128 .2 0 1 1
Sphere -5 -3 13 .3 128 128 128 .2 0 1 1
Sphere -5 -3 14 .3 128 128 128 .2 0 1 1
Sphere -5 -3 15 .3 128 128 128 .2 0 1 1
Sphere -5 -3 16 .3 128 128 128 .2 0 1 1
Sphere -5 -3 17 .3 128 128 128 .2 0 1 1
Sphere -5 -3 18 .3 128 128 128 .2 0 1 1
Sphere -5 -3 19 .3 128 128 128 .2 0 1 1
Sphere -5 -2 10 .3 128 128 128 .2 0 1 1
Sphere -5 -2 11 .3 128 128 128 .2 0 1 1
Sphere -5 -2 12 .3 128 128 128 .2 0 1 1
Sphere -5 -2 13 .3 128 128 128 .2 0 1 1
Sphere -5 -2 14 .3 128 128 128 .2 0 1 1
Sphere -5 -2 15 .3 128 128 128 .2 0 1 1
Sphere -5 -2 16 .3 128 128 128 .2 0 1 1
Sphere -5 -2 17 .3 128 128 128 .2 0 1 1
Sphere -5 -2 18 .3 128 128 128 .2 0 1 1
Sphere -5 -2 19 .3 128 128 128 .2 0 1 1
Sphere -5 -1 10 .3 128 128 128 .2 0 1 1
Sphere -5 -1 11 .3 128 128 128 .2 0 1 1
Sphere -5 -1 12 .3 128 128 128 .2 0 1 1
Sphere -5 -1 13 .3 128 128 128 .2 0 1 1
Sphere -5 -1 14 .3 128 128 128 .2 0 1 1
Sphere -5 -1 15 .3 128 128 128 .2 0 1 1
Sphere -5 -1 16 .3 128 128 128 .2 0 1 1
Sphere -5 -1 17 .3 128 128 128 .2 0 1 1
Sphere -5 -1 18 .3 128 128 128 .2 0 1 1
Sphere -5 -1 19 .3 128 128 128 .2 0 1 1
Sphere -5 0 10 .3 128 128 128 .2 0 1 1
Sphere -5 0 11 .3 128 128 128 .2 0 1 1
Sphere -5 0 12 .3 128 128 128 .2 0 1 1
Sphere -5 0 13 .3 128 128 128 .2 0 1 1
Sphere -5 0 14 .3 128 128 128 .2 0 1 1
Sphere -5 0 15 .3 128 128 128 .2 0 1 1
Sphere -5 0 16 .3 128 128 128 .2 0 1 1
Sphere -5 0 17 .3 128 128 128 .2 0 1 1
Sphere -5 0 18 .3 128 128 128 .2 0 1 1
Sphere -5 0 19 .3 128 128 128 .2 0 1 1
Sphere -5 1 10 .3 128 128 128 .2 0 1 1
Sphere -5 1 11 .3 128 128 128 .2 0 1 1
Sphere -5 1 12 .3 128 128 128 .2 0 1 1
Sphere -5 1 13 .3 128 128 128 .2 0 1 1
Sphere -5 1 14 .3 128 128 128 .2 0 1 1
Sphere -5 1 15 .3 128 128 128 .2 0 1 1
Sphere -5 1 16 .3 128 128 128 .2 0 1 1
Sphere -5 1 17 .3 128 128 128 .2 0 1 1
Sphere -5 1 18 .3 128 128 128 .2 0 1 1
Sphere -5 1 19 .3 128 128 128 .2 0 1 1
Sphere -5 2 10 .3 128 128 128 .2 0 1 1
Sphere -5 2 11 .3 128 128 128 .2 0 1 1
Sphere -5 2 12 .3 128 128 128 .2 0 1 1
Sphere -5 2 13 .3 128 128 128 .2 0 1 1
Sphere -5 2 14 .3 128 128 128 .2 0 1 1
Sphere -5 2 15 .3 128 128 128 .2 0 1 1
Sphere -5 2 16 .3 128 128 128 .2 0 1 1
Sphere -5 2 17 .3 128 128 128 .2 0 1 1
Sphere -5 2 18 .3 128 128 128 .2 0 1 1
Sphere -5 2 19 .3 128 128 128 .2 0 1 1
Sphere -5 3 10 .3 128 128 128 .2 0 1 1
Sphere -5 3 11 .3 128 128 128 .2 0 1 1
Sphere -5 3 12 .3 128 128 128 .2 0 1 1
Sphere -5 3 13 .3 128 128 128 .2 0 1 1
Sphere -5 3 14 .3 128 128 128 .2 0 1 1
Sphere -5 3 15 .3 128 128 128 .2 0 1 1
Sphere -5 3 16 .3 128 128 128 .2 0 1 1
Sphere -5 3 17 .3 128 128 128 .2 0 1 1
Sphere -5 3 18 .3 128 128 128 .2 0 1 1
Sphere -5 3 19 .3 128 128 128 .2 0 1 1
Sphere -5 4 10 .3 128 128 128 .2 0 1 1
Sphere -5 4 11 .3 128 128 128 .2 0 1 1
Sphere -5 4 12 .3 128 128 128 .2 0 1 1
Sphere -5 4 13 .3 128 128 128 .2 0 1 1
Sphere -5 4 14 .3 128 128 128 .2 0 1 1
Sphere -5 4 15 .3 128 128 128 .2 0 1 1
Sphere -5 4 16 .3 128 128 128 .2 0 1 1
Sphere -5 4 17 .3 128 128 128 .2 0 1 1
Sphere -5 4 18 .3 128 128 128 .2 0 1 1
Sphere -5 4 19 .3 128 128 128 .2 0 1 1
Sphere -4 -5 10 .3 128 128 128 .2 0 1 1
Sphere -4 -5 11 .3 128 128 128 .2 0 1 1
Sphere -4 -5 12 .3 128 128 128 .2 0 1 1
Sphere -4 -5 13 .3 128 128 128 .2 0 1 1
Sphere -4 -5 14 .3 128 128 128 .2 0 1 1
Sphere -4 -5 15 .3 128 128 128 .2 0 1 1
Sphere -4 -5 16 .3 128 128 128 .2 0 1 1
Sphere -4 -5 17 .3 128 128 128 .2 0 1 1
Sphere -4 -5 18 .3 128 128 128 .2 0 1 1
Sphere -4 -5 19 .3 128 128 128 .2 0 1 1
Sphere -4 -4 10 .3 128 128 128 .2 0 1 1
Sphere -4 -4 19 .3 128 128 128 .2 0 1 1
Sphere -4 -3 10 .3 128 128 128 .2 0 1 1
Sphere -4 -3 19 .3 128 128 128 .2 0 1 1
Sphere -4 -2 10 .3 128 128 128 .2 0 1 1
Sphere -4 -2 19 .3 128 128 128 .2 0 1 1
Sphere -4 -1 10 .3 128 128 128 .2 0 1 1
Sphere -4 -1 19 .3 128 128 128 .2 0 1 1
Sphere -4 0 10 .3 128 128 128 .2 0 1 1
Sphere -4 0 19 .3 128 128 128 .2 0 1 1
Sphere -4 1 10 .3 128 128 128 .2 0 1 1
Sphere -4 1 19 .3 128 128 128 .2 0 1 1
Sphere -4 2 10 .3 128 128 128 .2 0 1 1
Sphere -4 2 19 .3 128 128 128 .2 0 1 1
Sphere -4 3 10 .3 128 128 128 .2 0 1 1
Sphere -4 3 19 .3 128 128 128 .2 0 1 1
Sphere -4 4 10 .3 128 128 128 .2 0 1 1
Sphere -4 4 11 .3 128 128 128 .2 0 1 1
Sphere -4 4 12 .3 128 128 128 .2 0 1 1
Sphere -4 4 13 .3 128 128 128 .2 0 1 1
Sphere -4 4 14 .3 128 128 128 .2 0 1 1
Sphere -4 4 15 .3 128 128 128 .2 0 1 1
Sphere -4 4 16 .3 128 128 128 .2 0 1 1
Sphere -4 4 17 .3 128 128 128 .2 0 1 1
Sphere -4 4 18 .3 128 128 128 .2 0 1 1
Sphere -4 4 19 .3 128 128 128 .2 0 1 1
Sphere -3 -5 10 .3 128 128 128 .2 0 1 1
Sphere -3 -5 11 .3 128 128 128 .2 0 1 1
Sphere -3 -5 12 .3 128 128 128 .2 0 1 1
Sphere -3 -5 13 .3 128 128 128 .2 0 1 1
Sphere -3 -5 14 .3 128 128 128 .2 0 1 1
Sphere -3 -5 15 .3 128 128 128 .2 0 1 1
Sphere -3 -5 16 .3 128 128 128 .2 0 1 1
Sphere -3 -5 17 .3 128 128 128 .2 0 1 1
Sphere -3 -5 18 .3 128 128 128 .2 0 1 1
Sphere -3 -5 19 .3 128 128 128 .2 0 1 1
Sphere -3 -4 10 .3 128 128 128 .2 0 1 1
Sphere -3 -4 19 .3 128 128 128 .2 0 1 1
Sphere -3 -3 10 .3 128 128 128 .2 0 1 1
Sphere -3 -3 19 .3 128 128 128 .2 0 1 1
Sphere -3 -2 10 .3 128 128 128 .2 0 1 1
Sphere -3 -2 19 .3 128 128 128 .2 0 1 1
Sphere -3 -1 10 .3 128 128 128 .2 0 1 1
Sphere -3 -1 19 .3 128 128 128 .2 0 1 1
Sphere -3 0 10 .3 128 128 128 .2 0 1 1
Sphere -3 0 19 .3 128 128 128 .2 0 1 1
Sphere -3 1 10 .3 128 128 128 .2 0 1 1
Sphere -3 1 19 .3 128 128 128 .2 0 1 1
Sphere -3 2 10 .3 128 128 128 .2 0 1 1
Sphere -3 2 19 .3 128 128 128 .2 0 1 1
Sphere -3 3 10 .3 128 128 128 .2 0 1 1
Sphere -3 3 19 .3 128 128 128 .2 0 1 1
Sphere -3 4 10 .3 128 128 128 .2 0 1 1
Sphere -3 4 11 .3 128 128 128 .2 0 1 1
Sphere -3 4 12 .3 128 128 128 .2 0 1 1
Sphere -3 4 13 .3 128 128 128 .2 0 1 1
Sphere -3 4 14 .3 128 128 128 .2 0 1 1
Sphere -3 4 15 .3 128 128 128 .2 0 1 1
Sphere -3 4 16 .3 128 128 128 .2 0 1 1
Sphere -3 4 17 .3 128 128 128 .2 0 1 1
Sphere -3 4 18 .3 128 128 128 .2 0 1 1
Sphere -3 4 19 .3 128 128 128 .2 0 1 1
Sphere -2 -5 10 .3 128 128 128 .2 0 1 1
Sphere -2 -5 11 .3 128 128 128 .2 0 1 1
Sphere -2 -5 12 .3 128 128 128 .2 0 1 1
Sphere -2 -5 13 .3 128 128 128 .2 0 1 1
Sphere -2 -5 14 .3 128 128 128 .2 0 1 1
Sphere -2 -5 15 .3 128 128 128 .2 0 1 1
Sphere -2 -5 16 .3 128 128 128 .2 0 1 1
Sphere -2 -5 17 .3 128 128 128 .2 0 1 1
Sphere -2 -5 18 .3 128 128 128 .2 0 1 1
Sphere -2 -5 19 .3 128 128 128 .2 0 1 1
Sphere -2 -4 10 .3 128 128 128 .2 0 1 1
Sphere -2 -4 19 .3 128 128 128 .2 0 1 1
Sphere -2 -3 10 .3 128 128 128 .2 0 1 1
Sphere -2 -3 19 .3 128 128 128 .2 0 1 1
Sphere -2 -2 10 .3 128 128 128 .2 0 1 1
Sphere -2 -2 19 .3 128 128 128 .2 0 1 1
Sphere -2 -1 10 .3 128 128 128 .2 0 1 1
Sphere -2 -1 19 .3 128 128 128 .2 0 1 1
Sphere -2 0 10 .3 128 128 128 .2 0 1 1
Sphere -2 0 19 .3 128 128 128 .2 0 1 1
Sphere -2 1 10 .3 128 128 128 .2 0 1 1
Sphere -2 1 19 .3 128 128 128 .2 0 1 1
Sphere -2 2 10 .3 128 128 128 .2 0 1 1
Sphere -2 2 19 .3 128 128 128 .2 0 1 1
Sphere -2 3 10 .3 128 128 128 .2 0 1 1
Sphere -2 3 19 .3 128 128 128 .2 0 1 1
Sphere -2 4 10 .3 128 128 128 .2 0 1 1
Sphere -2 4 11 .3 128 128 128 .2 0 1 1
Sphere -2 4 12 .3 128 128 128 .2 0 1 1
Sphere -2 4 13 .3 128 128 128 .2 0 1 1
Sphere -2 4 14 .3 128 128 128 .2 0 1 1
Sphere -2 4 15 .3 128 128 128 .2 0 1 1
Sphere -2 4 16 .3 128 128 128 .2 0 1 1
Sphere -2 4 17 .3 128 128 128 .2 0 1 1
Sphere -2 4 18 .3 128 128 128 .2 0 1 1
Sphere -2 4 19 .3 128 128 128 .2 0 1 1
Sphere -1 -5 10 .3 128 128 128 .2 0 1 1
Sphere -1 -5 11 .3 128 128 128 .2 0 1 1
Sphere -1 -5 12 .3 128 128 128 .2 0 1 1
Sphere -1 -5 13 .3 128 128 128 .2 0 1 1
Sphere -1 -5 14 .3 128 128 128 .2 0 1 1
Sphere -1 -5 15 .3 128 128 128 .2 0 1 1
Sphere -1 -5 16 .3 128 128 128 .2 0 1 1
Sphere -1 -5 17 .3 128 128 128 .2 0 1 1
Sphere -1 -5 18 .3 128 128 128 .2 0 1 1
Sphere -1 -5 19 .3 128 128 128 .2 0 1 1
Sphere -1 -4 10 .3 128 128 128 .2 0 1 1
Sphere -1 -4 19 .3 128 128 128 .2 0 1 1
Sphere -1 -3 10 .3 128 128 128 .2 0 1 1
Sphere -1 -3 19 .3 128 128 128 .2 0 1 1
Sphere -1 -2 10 .3 128 128 128 .2 0 1 1
Sphere -1 -2 19 .3 128 128 128 .2 0 1 1
Sphere -1 -1 10 .3 128 128 128 .2 0 1 1
Sphere -1 -1 19 .3 128 128 128 .2 0 1 1
Sphere -1 0 10 .3 128 128 128 .2 0 1 1
Sphere -1 0 19 .3 128 128 128 .2 0 1 1
Sphere -1 1 10 .3 128 128 128 .2 0 1 1
Sphere -1 1 19 .3 128 128 128 .2 0 1 1
Sphere -1 2 10 .3 128 128 128 .2 0 1 1
Sphere -1 2 19 .3 128 128 128 .2 0 1 1
Sphere -1 3 10 .3 128 128 128 .2 0 1 1
Sphere -1 3 19 .3 128 128 128 .2 0 1 1
Sphere -1 4 10 .3 128 128 128 .2 0 1 1
Sphere -1 4 11 .3 128 128 128 .2 0 1 1
Sphere -1 4 12 .3 128 128 128 .2 0 1 1
Sphere -1 4 13 .3 128 128 128 .2 0 1 1
Sphere -1 4 14 .3 128 128 128 .2 0 1 1
Sphere -1 4 15 .3 128 128 128 .2 0 1 1
Sphere -1 4 16 .3 128 128 128 .2 0 1 1
Sphere -1 4 17 .3 128 128 128 .2 0 1 1
Sphere -1 4 18 .3 128 128 128 .2 0 1 1
Sphere -1 4 19 .3 128 128 128 .2 0 1 1
Sphere 0 -5 10 .3 128 128 128 .2 0 1 1
Sphere 0 -5 11 .3 128 128 128 .2 0 1 1
Sphere 0 -5 12 .3 128 128 128 .2 0 1 1
Sphere 0 -5 13 .3 128 128 128 .2 0 1 1
Sphere 0 -5 14 .3 128 128 128 .2 0 1 1
Sphere 0 -5 15 .3 128 128 128 .2 0 1 1
Sphere 0 -5 16 .3 128 128 128 .2 0 1 1
Sphere 0 -5 17 .3 128 128 128 .2 0 1 1
Sphere 0 -5 18 .3 128 128 128 .2 0 1 1
Sphere 0 -5 19 .3 128 128 128 .2 0 1 1
Sphere 0 -4 10 .3 128 128 128 .2 0 1 1
Sphere 0 -4 19 .3 128 128 128 .2 0 1 1
Sphere 0 -3 10 .3 128 128 128 .2 0 1 1
Sphere 0 -3 19 .3 128 128 128 .2 0 1 1
Sphere 0 -2 10 .3 128 128 128 .2 0 1 1
Sphere 0 -2 19 .3 128 128 128 .2 0 1 1
Sphere 0 -1 10 .3 128 128 128 .2 0 1 1
Sphere 0 -1 19 .3 128 128 128 .2 0 1 1
Sphere 0 0 10 .3 128 128 128 .2 0 1 1
Sphere 0 0 19 .3 128 128 128 .2 0 1 1
Sphere 0 1 10 .3 128 128 128 .2 0 1 1
Sphere 0 1 19 .3 128 128 128 .2 0 1 1
Sphere 0 2 10 .3 128 128 128 .2 0 1 1
Sphere 0 2 19 .3 128 128 128 .2 0 1 1
Sphere 0 3 10 .3 128 128 128 .2 0 1 1
Sphere 0 3 19 .3 128 128 128 .2 0 1 1
Sphere 0 4 10 .3 128 128 128 .2 0 1 1
Sphere 0 4 11 .3 128 128 128 .2 0 1 1
Sphere 0 4 12 .3 128 128 128 .2 0 1 1
Sphere 0 4 13 .3 128 128 128 .2 0 1 1
Sphere 0 4 14 .3 128 128 128 .2 0 1 1
Sphere 0 4 15 .3 128 128 128 .2 0 1 1
Sphere 0 4 16 .3 128 128 128 .2 0 1 1
Sphere 0 4 17 .3 128 128 128 .2 0 1 1
Sphere 0 4 18 .3 128 128 128 .2 0 1 1
Sphere 0 4 19 .3 128 128 128 .2 0 1 1
Sphere 1 -5 10 .3 128 128 128 .2 0 1 1
Sphere 1 -5 11 .3 128 128 128 .2 0 1 1
Sphere 1 -5 12 .3 128 128 128 .2 0 1 1
Sphere 1 -5 13 .3 128 128 128 .2 0 1 1
Sphere 1 -5 14 .3 128 128 128 .2 0 1 1
Sphere 1 -5 15 .3 128 128 128 .2 0 1 1
Sphere 1 -5 16 .3 128 128 128 .2 0 1 1
Sphere 1 -5 17 .3 128 128 128 .2 0 1 1
Sphere 1 -5 18 .3 128 128 128 .2 0 1 1
Sphere 1 -5 19 .3 128 128 128 .2 0 1 1
Sphere 1 -4 10 .3 128 128 128 .2 0 1 1
Sphere 1 -4 19 .3 128 128 128 .2 0 1 1
Sphere 1 -3 10 .3 128 128 128 .2 0 1 1
Sphere 1 -3 19 .3 128 128 128 .2 0 1 1
Sphere 1 -2 10 .3 128 128 128 .2 0 1 1
Sphere 1 -2 19 .3 128 128 128 .2 0 1 1
Sphere 1 -1 10 .3 128 128 128 .2 0 1 1
Sphere 1 -1 19 .3 128 128 128 .2 0 1 1
Sphere 1 0 10 .3 128 128 128 .2 0 1 1
Sphere 1 0 19 .3 128 128 128 .2 0 1 1
Sphere 1 1 10 .3 128 128 128 .2 0 1 1
Sphere 1 1 19 .3 128 128 128 .2 0 1 1
Sphere 1 2 10 .3 128 128 128 .2 0 1 1
Sphere 1 2 19 .3 128 128 128 .2 0 1 1
Sphere 1 3 10 .3 128 128 128 .2 0 1 1
Sphere 1 3 19 .3 128 128 128 .2 0 1 1
Sphere 1 4 10 .3 128 128 128 .2 0 1 1
Sphere 1 4 11 .3 128 128 128 .2 0 1 1
Sphere 1 4 12 .3 128 128 128 .2 0 1 1
Sphere 1 4 13 .3 128 128 128 .2 0 1 1
Sphere 1 4 14 .3 128 128 128 .2 0 1 1
Sphere 1 4 15 .3 128 128 128 .2 0 1 1
Sphere 1 4 16 .3 128 128 128 .2 0 1 1
Sphere 1 4 17 .3 128 128 128 .2 0 1 1
Sphere 1 4 18 .3 128 128 128 .2 0 1 1
Sphere 1 4 19 .3 128 128 128 .2 0 1 1
Sphere 2 -5 10 .3 128 128 128 .2 0 1 1
Sphere 2 -5 11 .3 128 128 128 .2 0 1 1
Sphere 2 -5 12 .3 128 128 128 .2 0 1 1
Sphere 2 -5 13 .3 128 128 128 .2 0 1 1
Sphere 2 -5 14 .3 128 128 128 .2 0 1 1
Sphere 2 -5 15 .3 128 128 128 .2 0 1 1
Sphere 2 -5 16 .3 128 128 128 .2 0 1 1
Sphere 2 -5 17 .3 128 128 128 .2 0 1 1
Sphere 2 -5 18 .3 128 128 128 .2 0 1 1
Sphere 2 -5 19 .3 128 128 128 .2 0 1 1
Sphere 2 -4 10 .3 128 128 128 .2 0 1 1
Sphere 2 -4 19 .3 128 128 128 .2 0 1 1
Sphere 2 -3 10 .3 128 128 128 .2 0 1 1
Sphere 2 -3 19 .3 128 128 128 .2 0 1 1
Sphere 2 -2 10 .3 128 128 128 .2 0 1 1
Sphere 2 -2 19 .3 128 128 128 .2 0 1 1
Sphere 2 -1 10 .3 128 128 128 .2 0 1 1
Sphere 2 -1 19 .3 128 128 128 .2 0 1 1
Sphere 2 0 10 .3 128 128 128 .2 0 1 1
Sphere 2 0 19 .3 128 128 128 .2 0 1 1
Sphere 2 1 10 .3 128 128 128 .2 0 1 1
Sphere 2 1 19 .3 128 128 128 .2 0 1 1
Sphere 2 2 10 .3 128 128 128 .2 0 1 1
Sphere 2 2 19 .3 128 128 128 .2 0 1 1
Sphere 2 3 10 .3 128 128 128 .2 0 1 1
Sphere 2 3 19 .3 128 128 128 .2 0 1 1
Sphere 2 4 10 .3 128 128 128 .2 0 1 1
Sphere 2 4 11 .3 128 128 128 .2 0 1 1
Sphere 2 4 12 .3 128 128 128 .2 0 1 1
Sphere 2 4 13 .3 128 128 128 .2 0 1 1
Sphere 2 4 14 .3 128 128 128 .2 0 1 1
Sphere 2 4 15 .3 128 128 128 .2 0 1 1
Sphere 2 4 16 .3 128 128 128 .2 0 1 1
Sphere 2 4 17 .3 128 128 128 .2 0 1 1
Sphere 2 4 18 .3 128 128 128 .2 0 1 1
Sphere 2 4 19 .3 128 128 128 .2 0 1 1
Sphere 3 -5 10 .3 128 128 128 .2 0 1 1
Sphere 3 -5 11 .3 128 128 128 .2 0 1 1
Sphere 3 -5 12 .3 128 128 128 .2 0 1 1
Sphere 3 -5 13 .3 128 128 128 .2 0 1 1
Sphere 3 -5 14 .3 128 128 128 .2 0 1 1
Sphere 3 -5 15 .3 128 128 128 .2 0 1 1
Sphere 3 -5 16 .3 128 128 128 .2 0 1 1
Sphere 3 -5 17 .3 128 128 128 .2 0 1 1
Sphere 3 -5 18 .3 128 128 128 .2 0 1 1
Sphere 3 -5 19 .3 128 128 128 .2 0 1 1
Sphere 3 -4 10 .3 128 128 128 .2 0 1 1
Sphere 3 -4 19 .3 128 128 128 .2 0 1 1
Sphere 3 -3 10 .3 128 128 128 .2 0 1 1
Sphere 3 -3 19 .3 128 128 128 .2 0 1 1
Sphere 3 -2 10 .3 128 128 128 .2 0 1 1
Sphere 3 -2 19 .3 128 128 128 .2 0 1 1
Sphere 3 -1 10 .3 128 128 128 .2 0 1 1
Sphere 3 -1 19 .3 128 128 128 .2 0 1 1
Sphere 3 0 10 .3 128 128 128 .2 0 1 1
Sphere 3 0 19 .3 128 128 128 .2 0 1 1
Sphere 3 1 10 .3 128 128 128 .2 0 1 1
Sphere 3 1 19 .3 128 128 128 .2 0 1 1
Sphere 3 2 10 .3 128 128 128 .2 0 1 1
Sphere 3 2 19 .3 128 128 128 .2 0 1 1
Sphere 3 3 10 .3 128 128 128 .2 0 1 1
Sphere 3 3 19 .3 128 128 128 .2 0 1 1
Sphere 3 4 10 .3 128 128 128 .2 0 1 1
Sphere 3 4 11 .3 128 128 128 .2 0 1 1
Sphere 3 4 12 .3 128 128 128 .2 0 1 1
Sphere 3 4 13 .3 128 128 128 .2 0 1 1
Sphere 3 4 14 .3 128 128 128 .2 0 1 1
Sphere 3 4 15 .3 128 128 128 .2 0 1 1
Sphere 3 4 16 .3 128 128 128 .2 0 1 1
Sphere 3 4 17 .3 128 128 128 .2 0 1 1
Sphere 3 4 18 .3 128 128 128 .2 0 1 1
Sphere 3 4 19 .3 128 128 128 .2 0 1 1
Sphere 4 -5 10 .3 128 128 128 .2 0 1 1
Sphere 4 -5 11 .3 128 128 128 .2 0 1 1
Sphere 4 -5 12 .3 128 128 128 .2 0 1 1
Sphere 4 -5 13 .3 128 128 128 .2 0 1 1
Sphere 4 -5 14 .3 128 128 128 .2 0 1 1
Sphere 4 -5 15 .3 128 128 128 .2 0 1 1
Sphere 4 -5 16 .3 128 128 128 .2 0 1 1
Sphere 4 -5 17 .3 128 128 128 .2 0 1 1
Sphere 4 -5 18 .3 128 128 128 .2 0 1 1
Sphere 4 -5 19 .3 128 128 128 .2 0 1 1
Sphere 4 -4 10 .3 128 128 128 .2 0 1 1
Sphere 4 -4 11 .3 128 128 128 .2 0 1 1
Sphere 4 -4 12 .3 128 128 128 .2 0 1 1
Sphere 4 -4 13 .3 128 128 128 .2 0 1 1
Sphere 4 -4 14 .3 128 128 128 .2 0 1 1
Sphere 4 -4 15 .3 128 128 128 .2 0 1 1
Sphere 4 -4 16 .3 128 128 128 .2 0 1 1
Sphere 4 -4 17 .3 128 128 128 .2 0 1 1
Sphere 4 -4 18 .3 128 128 128 .2 0 1 1
Sphere 4 -4 19 .3 128 128 128 .2 0 1 1
Sphere 4 -3 10 .3 128 128 128 .2 0 1 1
Sphere 4 -3 11 .3 128 128 128 .2 0 1 1
Sphere 4 -3 12 .3 128 128 128 .2 0 1 1
Sphere 4 -3 13 .3 128 128 128 .2 0 1 1
Sphere 4 -3 14 .3 128 128 128 .2 0 1 1
Sphere 4 -3 15 .3 128 128 128 .2 0 1 1
Sphere 4 -3 16 .3 128 128 128 .2 0 1 1
Sphere 4 -3 17 .3 128 128 128 .2 0 1 1
Sphere 4 -3 18 .3 128 128 128 .2 0 1 1
Sphere 4 -3 19 .3 128 128 128 .2 0 1 1
Sphere 4 -2 10 .3 128 128 128 .2 0 1 1
Sphere 4 -2 11 .3 128 128 128 .2 0 1 1
Sphere 4 -2 12 .3 128 128 128 .2 0 1 1
Sphere 4 -2 13 .3 128 128 128 .2 0 1 1
Sphere 4 -2 14 .3 128 128 128 .2 0 1 1
Sphere 4 -2 15 .3 128 128 128 .2 0 1 1
Sphere 4 -2 16 .3 128 128 128 .2 0 1 1
Sphere 4 -2 17 .3 128 128 128 .2 0 1 1
Sphere 4 -2 18 .3 128 128 128 .2 0 1 1
Sphere 4 -2 19 .3 128 128 128 .2 0 1 1
Sphere 4 -1 10 .3 128 128 128 .2 0 1 1
Sphere 4 -1 11 .3 128 128 128 .2 0 1 1
Sphere 4 -1 12 .3 128 128 128 .2 0 1 1
Sphere 4 -1 13 .3 128 128 128 .2 0 1 1
Sphere 4 -1 14 .3 128 128 128 .2 0 1 1
Sphere 4 -1 15 .3 128 128 128 .2 0 1 1
Sphere 4 -1 16 .3 128 128 128 .2 0 1 1
Sphere 4 -1 17 .3 128 128 128 .2 0 1 1
Sphere 4 -1 18 .3 128 128 128 .2 0 1 1
Sphere 4 -1 19 .3 128 128 128 .2 0 1 1
Sphere 4 0 10 .3 128 128 128 .2 0 1 1
Sphere 4 0 11 .3 128 128 128 .2 0 1 1
Sphere 4 0 12 .3 128 128 128 .2 0 1 1
Sphere 4 0 13 .3 128 128 128 .2 0 1 1
Sphere 4 0 14 .3 128 128 128 .2 0 1 1
Sphere 4 0 15 .3 128 128 128 .2 0 1 1
Sphere 4 0 16 .3 128 128 128 .2 0 1 1
Sphere 4 0 17 .3 128 128 128 .2 0 1 1
Sphere 4 0 18 .3 128 128 128 .2 0 1 1
Sphere 4 0 19 .3 128 128 128 .2 0 1 1
Sphere 4 1 10 .3 128 128 128 .2 0 1 1
Sphere 4 1 11 .3 128 128 128 .2 0 1 1
Sphere 4 1 12 .3 128 128 128 .2 0 1 1
Sphere 4 1 13 .3 128 128 128 .2 0 1 1
Sphere 4 1 14 .3 128 128 128 .2 0 1 1
Sphere 4 1 15 .3 128 128 128 .2 0 1 1
Sphere 4 1 16 .3 128 128 128 .2 0 1 1
Sphere 4 1 17 .3 128 128 128 .2 0 1 1
Sphere 4 1 18 .3 128 128 128 .2 0 1 1
Sphere 4 1 19 .3 128 128 128 .2 0 1 1
Sphere 4 2 10 .3 128 128 128 .2 0 1 1
Sphere 4 2 11 .3 128 128 128 .2 0 1 1
Sphere 4 2 12 .3 128 128 128 .2 0 1 1
Sphere 4 2 13 .3 128 128 128 .2 0 1 1
Sphere 4 2 14 .3 128 128 128 .2 0 1 1
Sphere 4 2 15 .3 128 128 128 .2 0 1 1
Sphere 4 2 16 .3 128 128 128 .2 0 1 1
Sphere 4 2 17 .3 128 128 128 .2 0 1 1
Sphere 4 2 18 .3 128 128 128 .2 0 1 1
Sphere 4 2 19 .3 128 128 128 .2 0 1 1
Sphere 4 3 10 .3 128 128 128 .2 0 1 1
Sphere 4 3 11 .3 128 128 128 .2 0 1 1
Sphere 4 3 12 .3 128 128 128 .2 0 1 1
Sphere 4 3 13 .3 128 128 128 .2 0 1 1
Sphere 4 3 14 .3 128 128 128 .2 0 1 1
Sphere 4 3 15 .3 128 128 128 .2 0 1 1
Sphere 4 3 16 .3 128 128 128 .2 0 1 1
Sphere 4 3 17 .3 128 128 128 .2 0 1 1
Sphere 4 3 18 .3 128 128 128 .2 0 1 1
Sphere 4 3 19 .3 128 128 128 .2 0 1 1
Sphere 4 4 10 .3 128 128 128 .2 0 1 1
Sphere 4 4 11 .3 128 128 128 .2 0 1 1
Sphere 4 4 12 .3 128 128 128 .2 0 1 1
Sphere 4 4 13 .3 128 128 128 .2 0 1 1
Sphere 4 4 14 .3 128 128 128 .2 0 1 1
Sphere 4 4 15 .3 128 128 128 .2 0 1 1
Sphere 4 4 16 .3 128 128 128 .2 0 1 1
Sphere 4 4 17 .3 128 128 128 .2 0 1 1
Sphere 4 4 18 .3 128 128 128 .2 0 1 1
Sphere 4 4 19 .3 128 128 128 .2 0 1 1